  71
 223
 223
 243
  37
 188
  21
 245
 169
  70
 135
 235
   0
 188
   8
  17
 184
  16
  88
  81
 188
  76
 172
 170
 197
   0
 240
 106
  80
 164
 177
 154
  80
  10
  65
 142
   7
  62
 185
 238
 129
  85
 124
 236
  79
 176
  91
 196
  68
  77
  92
 159
 200
 208
 211
 137
 197
 158
 122
 175
  88
 155
 222
 237
  58
  55
 144
  33
  23
 174
 147
 231
 205
  69
 199
 108
 167
 207
  24
 221
 160
  48
  96
  86
  69
 167
 115
  88
  19
  89
 149
 108
 192
  22
 174
  28
  10
 155
 139
 233
 182
 226
 163
  88
 195
 212
  51
 176
 242
  45
 142
 169
  10
 220
  97
  11
  72
 104
 213
 226
 207
 207
 171
   8
  52
  92
  17
 245
 180
 205
 199
 224
  14
   5
 185
 224
  96
 111
 233
  20
 119
  53
 138
  78
 104
 196
 207
 199
 107
 233
 162
